acc = 0.6101083032490975
acc = 0.628158844765343
acc = 0.628158844765343
acc = 0.628158844765343
