acc = 0.6137184115523465
acc = 0.628158844765343
acc = 0.6534296028880866
acc = 0.6534296028880866
