acc = 0.6064981949458483
acc = 0.628158844765343
acc = 0.631768953068592
acc = 0.631768953068592
